#ERRORVEC3

0.0063 0.935056  0.00669247  0.00247256  0.00247256  0.0000042195  0.000008439  0.0000042195  0.0000183909  0.0000183909  0.  0.0389619  0.00488856  0.00247256  0.00247256  0.0000042195  0.000008439  0.0000042195  0.0000183909  0.0000183909  0.
0.0064 0.934211  0.00678301  0.00251116  0.00251116  0.0000043542  0.0000087084  0.0000043542  0.0000189645  0.0000189645  0.  0.0394444  0.00496742  0.00251116  0.00251116  0.0000043542  0.0000087084  0.0000043542  0.0000189645  0.0000189645  0.
0.0065 0.933366  0.00687367  0.00254973  0.00254973  0.000004491  0.000008982  0.000004491  0.0000195474  0.0000195474  0.  0.0399262  0.00504638  0.00254973  0.00254973  0.000004491  0.000008982  0.000004491  0.0000195474  0.0000195474  0.
0.0066 0.932522  0.00696445  0.00258828  0.00258828  0.0000046299  0.0000092598  0.0000046299  0.0000201396  0.0000201396  0.  0.0404074  0.00512543  0.00258828  0.00258828  0.0000046299  0.0000092598  0.0000046299  0.0000201396  0.0000201396  0.
0.0067 0.931678  0.00705535  0.00262681  0.00262681  0.0000047712  0.0000095424  0.0000047712  0.0000207408  0.0000207408  0.  0.0408879  0.00520459  0.00262681  0.00262681  0.0000047712  0.0000095424  0.0000047712  0.0000207408  0.0000207408  0.
0.0068 0.930834  0.00714637  0.00266533  0.00266533  0.0000049143  0.0000098286  0.0000049143  0.0000213516  0.0000213516  0.  0.0413676  0.00528385  0.00266533  0.00266533  0.0000049143  0.0000098286  0.0000049143  0.0000213516  0.0000213516  0.
0.0069 0.929991  0.0072375  0.00270381  0.00270381  0.0000050598  0.0000101196  0.0000050598  0.0000219714  0.0000219714  0.  0.0418467  0.00536322  0.00270381  0.00270381  0.0000050598  0.0000101196  0.0000050598  0.0000219714  0.0000219714  0.
0.007 0.929148  0.00732876  0.00274228  0.00274228  0.0000052071  0.0000104142  0.0000052071  0.0000226008  0.0000226008  0.  0.0423251  0.00544268  0.00274228  0.00274228  0.0000052071  0.0000104142  0.0000052071  0.0000226008  0.0000226008  0.
0.0071 0.928306  0.00742013  0.00278073  0.00278073  0.0000053568  0.0000107136  0.0000053568  0.0000232395  0.0000232395  0.  0.0428029  0.00552224  0.00278073  0.00278073  0.0000053568  0.0000107136  0.0000053568  0.0000232395  0.0000232395  0.
0.0072 0.927463  0.00751162  0.00281915  0.00281915  0.0000055083  0.0000110166  0.0000055083  0.0000238875  0.0000238875  0.  0.0432799  0.00560191  0.00281915  0.00281915  0.0000055083  0.0000110166  0.0000055083  0.0000238875  0.0000238875  0.
0.0073 0.926621  0.00760323  0.00285756  0.00285756  0.0000056622  0.0000113244  0.0000056622  0.0000245451  0.0000245451  0.  0.0437563  0.00568168  0.00285756  0.00285756  0.0000056622  0.0000113244  0.0000056622  0.0000245451  0.0000245451  0.


#ERRORVEC4

0.0063 0.924282  0.00820121  0.00325931  0.00325931  0.0000082734  0.0000165468  0.0000082734  0.0000379248  0.0000379248  0.000268895  0.0388858  0.00622487  0.00325931  0.00325931  0.0000082734  0.0000165468  0.0000082734  0.0000379248  0.0000379248  0.000160691
0.0064 0.92331  0.00831492  0.00330976  0.00330976  0.0000085356  0.0000170712  0.0000085356  0.0000391104  0.0000391104  0.000274101  0.0393757  0.00632507  0.00330976  0.00330976  0.0000085356  0.0000170712  0.0000085356  0.0000391104  0.0000391104  0.000164871
0.0065 0.922338  0.00842875  0.00336016  0.00336016  0.000008802  0.000017604  0.000008802  0.0000403152  0.0000403152  0.000279369  0.0398647  0.00642534  0.00336016  0.00336016  0.000008802  0.000017604  0.000008802  0.0000403152  0.0000403152  0.000169108
0.0066 0.921367  0.00854269  0.00341052  0.00341052  0.000009072  0.000018144  0.000009072  0.0000415392  0.0000415392  0.000284697  0.0403529  0.0065257  0.00341052  0.00341052  0.000009072  0.000018144  0.000009072  0.0000415392  0.0000415392  0.0001734
0.0067 0.920396  0.00865674  0.00346084  0.00346084  0.0000093468  0.0000186936  0.0000093468  0.0000427824  0.0000427824  0.000290086  0.0408402  0.00662613  0.00346084  0.00346084  0.0000093468  0.0000186936  0.0000093468  0.0000427824  0.0000427824  0.000177748
0.0068 0.919425  0.0087709  0.00351111  0.00351111  0.0000096252  0.0000192504  0.0000096252  0.000044046  0.000044046  0.000295536  0.0413267  0.00672665  0.00351111  0.00351111  0.0000096252  0.0000192504  0.0000096252  0.000044046  0.000044046  0.000182151
0.0069 0.918456  0.00888518  0.00356135  0.00356135  0.0000099072  0.0000198144  0.0000099072  0.0000453276  0.0000453276  0.000301047  0.0418124  0.00682724  0.00356135  0.00356135  0.0000099072  0.0000198144  0.0000099072  0.0000453276  0.0000453276  0.000186611
0.007 0.917486  0.00899957  0.00361154  0.00361154  0.000010194  0.000020388  0.000010194  0.0000466296  0.0000466296  0.00030662  0.0422973  0.00692791  0.00361154  0.00361154  0.000010194  0.000020388  0.000010194  0.0000466296  0.0000466296  0.000191128
0.0071 0.916517  0.00911407  0.00366169  0.00366169  0.0000104844  0.0000209688  0.0000104844  0.0000479508  0.0000479508  0.000312255  0.0427813  0.00702867  0.00366169  0.00366169  0.0000104844  0.0000209688  0.0000104844  0.0000479508  0.0000479508  0.0001957
0.0072 0.915549  0.00922869  0.0037118  0.0037118  0.0000107784  0.0000215568  0.0000107784  0.0000492912  0.0000492912  0.000317951  0.0432645  0.0071295  0.0037118  0.0037118  0.0000107784  0.0000215568  0.0000107784  0.0000492912  0.0000492912  0.00020033
0.0073 0.914581  0.00934341  0.00376187  0.00376187  0.0000110772  0.0000221544  0.0000110772  0.0000506508  0.0000506508  0.00032371  0.0437468  0.00723041  0.00376187  0.00376187  0.0000110772  0.0000221544  0.0000110772  0.0000506508  0.0000506508  0.000205016
